100628
10112
102393
105089
105365
106212
108820
109900
111760
113251
114220
114599
114987
115107
115193
115246
117757
118494
118768
119438
119447
120257
120328
120646
121662
122233
122462
123694
123871
124997
125553
125856
126508
127772
128157
128855
128931
129077
130092
130104
130546
130556
130692
131147
13223
134151
136632
136881
137197
137394
137665
138330
140099
140735
141360
142382
142442
142668
143370
143397
144171
144223
144959
145431
145573
147152
147177
147232
147745
147962
149125
151720
152249
153199
153206
153316
153776
155118
155439
15643
157168
159519
159536
159623
160126
160595
160914
161089
161526
162675
162996
163112
165973
166500
166596
167604
168201
170223
170446
170836
171388
171880
172013
173152
173612
174381
176934
178550
179323
179756
180823
181142
181310
182221
183876
184498
185250
185362
185572
18568
187538
189476
190187
190222
190961
191524
192018
192342
193583
194576
194910
195390
195940
196028
196813
197085
198268
198802
198820
200552
200945
202610
203787
203920
204399
205022
205309
205660
206284
207599
20789
208112
20871
20949
210316
210610
210731
211516
211820
213071
213835
214092
215305
215381
215977
216097
217134
217951
217956
218098
219056
219380
219728
219763
220636
220844
221981
222565
22276
222790
223180
224335
224390
225377
225747
226289
226559
227126
227598
227847
227994
228619
228678
228789
230094
230367
230736
231114
232290
232342
232518
234030
234919
235229
237768
237995
238360
239374
239471
240329
240733
240919
241526
242462
242549
242877
243364
245186
247292
248162
249624
249939
253231
255655
257793
258121
259907
260405
260777
262129
264147
264299
265409
26652
267767
268377
269499
270407
271957
272871
274035
274111
274645
275283
275461
275655
276967
277481
280695
281801
282345
282487
283841
284403
285577
286101
286309
286383
286414
28705
287318
287426
288162
288974
289074
289985
290031
291154
291155
292077
292301
292558
292644
292823
293098
293563
293705
294336
294740
295225
295288
295685
295753
295880
295946
296752
296817
296913
297507
297558
297698
297933
298006
299804
300034
30012
300480
300612
300721
301000
301331
301561
301802
302183
302343
302638
302664
302726
302913
303219
303999
305737
306583
306591
307034
308733
308945
309328
309867
310408
310499
310607
310702
310717
311458
312042
312514
313330
313718
313844
315012
315530
315655
316861
316961
317255
317275
317749
318207
318647
319538
319969
320118
320905
322933
323044
323059
323163
323413
323773
324058
324288
324992
325158
325307
325673
326029
326079
326177
326920
327557
328095
329128
329290
329473
330175
330396
33052
331025
331190
331732
331872
332130
332532
333947
334363
334469
334933
334992
335145
335503
335534
335665
337035
337527
33842
338762
339335
339708
340430
340810
341833
341933
342030
342218
342896
343020
343093
343258
34348
343672
343728
344371
344896
345325
346301
346872
347551
347586
347650
347765
347779
347947
348381
350207
350290
351280
351320
351528
351630
352046
352726
353237
353398
353546
354013
354537
354792
355070
355322
355573
355601
356039
356253
356357
356821
357060
357161
357466
357777
357996
358334
358451
358463
358659
359168
359191
35928
35942
359472
359501
359890
360325
360628
361045
361117
361679
361740
361790
361808
361902
362039
362316
362321
362718
363052
363067
363579
363873
363882
364159
364167
364395
364401
365323
36569
365826
366126
366440
366647
367471
367869
368060
368331
368985
369058
369374
370467
370819
371128
372075
372144
372200
372359
372552
372851
373114
373142
373240
373373
373858
374055
374277
375073
375201
375365
375402
375607
375648
375760
375994
376340
376552
376837
377004
37705
377921
378196
378803
379229
379430
379758
380052
380545
380680
380740
381529
382403
383070
383929
384588
384772
385248
385427
386117
386415
386950
387700
387784
388428
38872
389343
390071
390383
390668
391817
391953
392118
39275
393080
393239
393273
393986
394270
395149
395160
395250
395359
396077
396242
396516
396745
396959
396994
39804
398366
39838
399061
399151
399328
399358
399810
400304
400613
40071
40218
402187
402741
402887
403282
403427
403612
403822
403894
403897
404014
404735
404910
405053
405167
405221
40536
406025
407153
407186
408558
409164
409345
409397
410162
410293
410476
410998
411894
41282
413117
413183
413707
413748
413761
41384
413909
414348
414432
414530
414856
415003
416153
416426
416444
416857
41693
417610
41823
41874
419257
419765
419963
420390
420458
42116
421497
421541
421655
421936
422018
422045
422313
422369
423194
423527
423647
424295
424568
424743
424754
425935
425957
425986
426638
427407
427558
429316
429436
429454
429469
429882
43003
430339
430590
431082
431248
431625
431697
43170
431708
431733
431924
431971
432490
432720
433267
433386
433501
433723
43466
434836
435284
435287
43552
436177
436217
436344
436611
436623
436734
436773
436978
437030
437055
437097
437113
437171
437407
437544
437797
438839
43886
439104
439225
440001
440706
440980
441155
441167
441271
441459
442510
442581
443589
443751
443828
444079
444091
444288
444335
444962
445071
445879
446062
44761
449183
44967
449760
449987
450015
450044
450764
451168
451250
451311
451830
452690
453230
453345
453467
453678
454893
455069
455109
455482
456237
456507
456709
456986
458456
458911
458931
459149
459223
459564
460324
461832
461904
462096
462232
462386
463361
46342
463866
463905
464644
464706
46480
465300
466053
466104
466550
466647
466737
46706
467337
468213
468634
469475
470304
470977
47105
473049
473415
474696
474731
474834
474900
47539
475591
476172
476221
476565
476587
476691
476695
476697
476956
477251
47744
477623
477640
477708
477725
478161
478273
478304
479107
479188
479811
480273
480609
480765
481279
481283
481451
482090
482552
483147
483234
484198
484327
484442
484532
484689
484996
485788
485903
486454
487074
487074
487559
487774
488586
488630
489950
49071
490956
491057
49140
492525
493133
493273
493891
494768
495283
495334
496176
496549
497380
497464
497483
497769
497942
498183
499482
499488
500133
500341
501705
50177
501804
501920
501992
502928
503141
503486
504396
504690
504958
505415
506155
506291
506908
507292
507355
50771
508222
508803
508947
508968
509064
509121
509341
511055
511637
511699
511956
512810
513590
513701
514145
514181
514204
514507
514750
514772
514788
514980
515069
515921
515939
516179
516494
516824
516839
517037
517598
517706
517783
518097
518355
518660
518737
518932
519161
519256
519335
519495
519521
520141
520565
520938
521433
522666
522857
522872
522940
524026
524841
524966
525138
526167
526180
526839
527621
528048
528131
528293
529212
529461
529551
529574
529724
529729
530986
531425
531713
531938
532110
532111
532165
53231
532522
532545
533037
533158
533472
533678
533707
534116
534788
536219
536964
537048
537499
537792
53857
538780
538998
540793
541765
542163
54267
543830
545404
545737
54610
546149
546384
547504
547504
547714
54782
548658
548999
549738
549745
552702
552854
552856
553237
554626
554847
554978
555715
556174
556731
556834
557022
557428
557856
55805
558938
559097
559248
55926
559371
55945
559489
559622
560389
560734
561640
561693
562600
564534
565432
565763
56633
566406
566434
569903
570443
571547
572809
572897
573280
573298
573894
574578
575053
575255
575372
576112
577044
578755
578814
580596
580867
581729
581816
582132
582395
582432
58291
583277
58329
584079
586144
586156
586889
587266
587269
587728
587904
588211
590023
590032
590341
590782
591442
591635
593883
594067
594751
595796
595827
596580
596704
596902
596910
597111
597113
598357
599699
601345
601417
601612
602178
602242
602367
602803
602861
602895
604980
606278
606334
607613
608723
609031
609569
610067
611014
613961
614346
61447
615940
616696
616765
617203
617721
617899
61876
619807
620910
621562
621593
622109
62320
623518
623924
623960
624059
624526
624995
626406
626677
627110
62736
628076
629217
629575
630407
631624
632505
635110
636072
636272
637706
637877
637917
639660
64001
640064
641854
64278
643075
643153
643513
645591
645726
645856
646883
647137
650415
650427
651062
652293
653523
653534
653740
655256
65545
656098
658433
65853
659093
659277
659776
660269
661398
661483
661919
663309
66346
664182
664315
665235
665562
66757
667713
668378
669776
670449
670800
671056
671293
671405
672530
674401
675074
675185
677314
677755
677875
678723
678723
679272
679369
680338
680533
682518
685287
686264
686456
687534
688128
688824
68893
689649
690206
690240
690519
690530
691721
692091
692433
69328
694349
695316
695418
696380
696607
697102
698840
699427
700384
701482
701549
702559
703580
703666
703718
705675
706150
706863
707380
708045
708568
709800
710329
710531
712414
712799
713161
713930
713944
715596
715663
715728
716719
716976
717049
717144
717276
718092
718316
718454
718691
718701
719003
719434
720240
720294
720558
721039
721240
721804
721842
722086
722873
723592
723641
723730
724098
724594
724594
724594
725292
725480
725852
726545
726747
727049
727098
727142
72767
727784
727928
727932
728110
728977
729059
730034
730205
730303
730367
731497
731933
734241
73474
735153
735755
735969
736560
736862
736954
737128
737235
737710
738011
739551
739576
740358
740535
740672
740862
741171
741193
742294
742820
743684
743715
744531
744532
744883
745270
745312
745415
745451
745838
74586
746316
746506
746625
74664
746689
747066
747793
748273
749003
749150
749323
750391
750458
751065
751188
751708
751751
751782
751846
751956
752921
752950
753356
754219
754383
754401
754505
755311
755619
756067
756517
756533
756685
757146
757498
758101
758130
758172
758227
758344
759178
759281
759524
760100
760403
760694
760827
761072
761804
761889
762282
762307
762466
762635
763116
763337
763672
763769
764123
764683
765169
765169
765451
765778
766172
766410
766867
767600
768390
770165
770300
770306
770385
770524
770568
770668
770829
771036
772093
773330
773801
774119
774580
775016
775282
775604
775765
775846
776159
776187
777322
777597
777993
779047
779107
779909
780651
781509
782631
782749
782778
782791
783394
783399
783500
783658
783713
783769
784110
785222
785235
785650
785703
785731
785902
786195
786498
786665
786963
787583
787919
788001
788120
788201
789822
789823
789885
789920
790512
79116
79149
791610
791866
792367
792487
792819
793104
793588
794069
794264
794419
794585
795001
796450
796553
797108
797169
797473
798007
798459
798677
799084
799156
799569
799746
799889
800526
800638
800663
800946
801001
801096
801161
801506
802056
80214
802454
802789
802930
803279
803488
803535
803854
804233
804290
804518
804604
805224
805618
805762
806350
806592
807010
807025
807090
807184
807310
807396
807850
807912
808138
808409
809431
809788
809992
810006
810021
810076
810642
810877
810953
811119
811195
811298
811447
811685
812008
812160
812205
812370
812418
812921
813248
813551
813890
813969
814101
814216
814486
814673
81567
815811
816551
816852
817411
817505
817516
818406
818672
818826
819243
819349
821050
821981
822032
82258
822997
823487
823657
824132
824959
824981
825409
825760
826992
827156
827286
827594
827743
8284
828564
828757
828931
828940
829145
829400
829414
829569
829646
829940
830537
830666
830683
830986
831032
831242
831382
831385
831747
832538
832836
833454
833463
834127
834738
834834
83494
834946
835194
836453
836819
836856
836894
837433
837842
838465
838515
839248
839256
839330
840161
840217
840260
840559
840787
840920
841126
84156
841634
842236
842341
842412
842440
842562
843389
843688
843722
843723
843984
844658
845954
846301
846636
847116
847126
847645
847764
847776
847807
847812
847930
848003
848068
848285
848963
848977
849141
849640
850415
850663
851543
852771
852785
852901
853036
853045
853519
853796
853833
853867
854299
854508
854717
855087
855344
855906
856144
856548
857452
857857
858938
858988
859025
859370
859718
86009
860219
860649
860802
861289
861339
861685
861819
862156
863472
863687
863840
864354
865017
865497
865577
865727
865746
866026
866301
866379
866938
867301
867790
868045
868211
86861
868679
869019
869801
869960
870961
871946
872538
87381
873811
874345
874450
874835
874948
875578
875806
876259
87876
879904
881764
881771
882486
884581
88692
88911
90385
90935
914242
917345
93397
94631
952409
96103
96330
98711
98842
99244
99439
